#color,-30,1,0,77,63,28,103
#color,-20,67,30,105,118,52,122
#color,-10,117,54,123,164,158,163
#color,0,166,162,165,51,100,134
Color,-20,64,64,80
Color,-6,100,100,130
Color,-5,31,42,104
Color,0,53,77,164
color,5,38,93,130,55,182,226
color,17.5,57,192,235,25,222,67
color,20,22,230,12,10,79,8
color,35,29,90,8,245,218,2
color,40,255,224,0,255,132,0
color,50,254,0,0,120,0,0
color,60,255,253,255,255,189,255
color,65,252,123,252,219,12,225
color,70,187,0,224,118,12,265,
color,75,92,255,160,0,0,0
color,85,0,0,0
color,95,0,0,0
